317
8336817
3979576
2693976
2320268
1680992
1584064
1547253
1423851
1343573
1021795
978908
911507
909585
898553
885708
881549
876384
753675
727211
705749
692600
681728
670820
670031
655057
654741
651319
651073
617638
593490
590157
560513
548073
531576
518012
513624
506811
495327
478221
478192
474069
467963
462628
449974
433031
429606
401190
399700
398854
390144
389938
384145
381009
379289
350365
345064
332318
331360
326586
323152
320189
312697
308096
303940
300576
300286
296710
289102
288000
287677
287442
287401
282011
278993
274492
272779
270402
265351
262491
262075
261165
259680
258862
258069
255601
255284
254114
252381
251974
247945
244835
242742
241110
239928
239798
233339
230436
228959
222081
220236
217827
215784
215196
214547
214237
213055
212979
211657
209403
208881
205695
201846
201013
200574
200567
200490
200370
199371
199303
199223
199177
198525
197888
197757
197597
197312
195805
195769
195494
194543
194500
194495
188720
187603
187112
185428
185010
184463
183793
182799
182781
182437
179883
179225
177603
176753
175961
175742
174775
174365
173591
172622
171644
170282
170243
169868
167882
160628
159428
159203
158146
157935
157601
155465
155079
154817
153606
153159
152960
152703
151691
151666
151625
151227
148449
148164
147344
146900
146038
145609
145233
144464
144399
143592
143268
142327
141664
141541
141500
141464
141191
141029
140937
140545
140407
139248
139236
138669
138632
137566
135248
134605
134510
133997
133943
133759
133562
133372
132438
132319
131674
130365
130250
129638
129295
129216
126913
126813
126185
125613
125310
124880
124662
123744
123420
123334
123195
122460
122385
122105
121692
121442
121363
121323
121272
119980
118935
118927
118488
118210
117979
117911
117133
116946
116825
116672
116618
116480
116223
115552
115487
115382
115382
114761
114584
114230
114161
113166
113003
112791
112673
112361
112136
112118
111955
111502
111475
111126
110997
110937
110849
110567
110417
110198
110001
109577
109527
109452
109381
109212
109128
109106
108649
108151
107568
107536
107263
106985
106306
106300
106280
105673
105623
105101
105006
104683
104578
104430
103949
103526
103432
103301
102708
102511
102026
101751
101638
101590
101170
101129
101068
101060
101004
100670
100471
100421
100145